67108864 1 5816.6
67108864 3 5679.2
67108864 5 4106.5
67108864 7 2909.9
67108864 9 1938.5
67108864 11 1473.6
67108864 13 1227.4
67108864 15 1166.0
67108864 17 946.8
67108864 19 980.1
67108864 21 832.6
67108864 23 838.7
67108864 25 846.8
67108864 27 970.8
67108864 29 1101.9
33554432 1 5824.6
33554432 3 5681.4
33554432 5 4166.1
33554432 7 2968.4
33554432 9 2261.1
33554432 11 2007.2
33554432 13 1414.9
33554432 15 1097.5
33554432 17 985.9
33554432 19 1025.1
33554432 21 1047.7
33554432 23 845.8
33554432 25 659.0
33554432 27 997.4
33554432 29 823.9
16777216 1 5845.5
16777216 3 5697.0
16777216 5 4380.1
16777216 7 3142.4
16777216 9 2456.1
16777216 11 1723.6
16777216 13 1404.5
16777216 15 1265.5
16777216 17 1427.4
16777216 19 1006.7
16777216 21 1064.0
16777216 23 992.7
16777216 25 1109.8
16777216 27 1065.1
16777216 29 869.9
8388608 1 5859.8
8388608 3 5752.1
8388608 5 4670.7
8388608 7 3489.4
8388608 9 2719.8
8388608 11 1852.9
8388608 13 1631.1
8388608 15 1530.5
8388608 17 1343.4
8388608 19 2277.4
8388608 21 2046.2
8388608 23 2303.6
8388608 25 2688.3
8388608 27 3299.5
8388608 29 3580.3
4194304 1 5922.2
4194304 3 5885.0
4194304 5 5505.9
4194304 7 4195.6
4194304 9 3367.6
4194304 11 2753.5
4194304 13 2917.1
4194304 15 2904.6
4194304 17 4232.6
4194304 19 4506.3
4194304 21 4379.4
4194304 23 4482.4
4194304 25 4498.9
4194304 27 4503.5
4194304 29 4481.6
2097152 1 5602.7
2097152 3 5979.0
2097152 5 6107.2
2097152 7 6041.4
2097152 9 5969.4
2097152 11 5927.3
2097152 13 5716.3
2097152 15 5433.4
2097152 17 5440.0
2097152 19 5283.1
2097152 21 5119.5
2097152 23 4998.8
2097152 25 5788.1
2097152 27 5777.6
2097152 29 4841.8
1048576 1 6185.6
1048576 3 6184.9
1048576 5 6182.0
1048576 7 6182.1
1048576 9 6176.7
1048576 11 6164.6
1048576 13 6052.7
1048576 15 5835.0
1048576 17 5595.9
1048576 19 5478.2
1048576 21 5341.4
1048576 23 5178.9
1048576 25 5098.6
1048576 27 5061.4
1048576 29 5146.3
524288 1 6184.7
524288 3 6181.8
524288 5 6180.1
524288 7 6178.9
524288 9 6170.6
524288 11 6159.6
524288 13 6140.3
524288 15 6054.8
524288 17 6000.1
524288 19 5961.8
524288 21 5970.4
524288 23 6008.6
524288 25 6030.7
524288 27 6082.0
524288 29 6114.2
262144 1 6185.0
262144 3 6169.3
262144 5 6172.0
262144 7 6172.3
262144 9 6161.4
262144 11 6154.9
262144 13 6132.9
262144 15 6138.7
262144 17 6133.0
262144 19 6156.5
262144 21 6149.9
262144 23 6151.2
262144 25 6112.7
262144 27 6140.8
262144 29 6119.5
131072 1 6187.7
131072 3 6186.9
131072 5 6179.0
131072 7 6178.6
131072 9 6147.3
131072 11 6157.6
131072 13 6132.2
131072 15 6139.5
131072 17 6139.3
131072 19 6111.8
131072 21 6115.0
131072 23 6115.4
131072 25 6109.5
131072 27 6097.5
131072 29 6085.4
65536 1 6187.7
65536 3 6168.3
65536 5 6166.1
65536 7 6134.5
65536 9 6128.8
65536 11 6129.0
65536 13 6098.0
65536 15 6079.6
65536 17 6099.9
65536 19 6093.9
65536 21 6087.6
65536 23 6074.5
65536 25 6080.8
65536 27 6072.2
65536 29 6036.1
32768 1 6178.9
32768 3 6154.5
32768 5 6126.3
32768 7 6106.5
32768 9 6086.4
32768 11 6072.7
32768 13 6048.3
32768 15 6031.8
32768 17 6055.9
32768 19 6017.6
32768 21 5975.8
32768 23 5960.0
32768 25 5951.2
32768 27 5927.6
32768 29 5899.8
16384 1 6180.1
16384 3 6130.3
16384 5 6081.4
16384 7 6049.9
16384 9 6026.9
16384 11 5991.6
16384 13 5943.1
16384 15 5899.7
16384 17 5856.0
16384 19 5888.8
16384 21 5827.7
16384 23 10271.4
16384 25 5786.4
16384 27 5746.6
16384 29 11766.4
8192 1 6161.3
8192 3 6054.0
8192 5 6003.3
8192 7 5909.1
8192 9 5848.4
8192 11 9989.2
8192 13 5772.4
8192 15 12039.1
8192 17 12191.8
8192 19 12569.0
8192 21 5480.4
8192 23 12704.1
8192 25 9142.9
8192 27 11413.5
8192 29 5274.6
4096 1 6097.0
4096 3 5932.7
4096 5 5784.4
4096 7 5646.2
4096 9 5609.1
4096 11 12771.0
4096 13 5306.3
4096 15 5214.1
4096 17 5045.8
4096 19 12957.9
4096 21 12592.0
4096 23 4779.8
4096 25 13002.2
4096 27 12045.0
4096 29 10622.4
2048 1 6063.8
2048 3 5762.2
2048 5 13050.1
2048 7 8702.6
2048 9 12313.0
2048 11 12010.8
2048 13 11827.8
2048 15 10848.5
2048 17 12053.8
2048 19 11161.4
2048 21 10961.5
2048 23 6352.1
2048 25 5781.1
2048 27 8136.3
2048 29 8629.5
1024 1 5883.9
1024 3 11856.8
1024 5 13494.4
1024 7 8424.9
1024 9 11350.7
1024 11 9341.7
1024 13 9615.7
1024 15 8382.9
1024 17 6780.3
1024 19 5133.6
1024 21 4649.3
1024 23 5966.7
1024 25 4172.5
1024 27 4778.5
1024 29 4314.7
